Array element Time in nanoseconds OperationsCount
140019903 18200 15
366920251 76700 27
-1154573592 5800 16
-1356829399 10500 27
1667945549 9600 15
2061712800 6100 14
1198317374 11600 36
948528309 8500 27
636459759 7900 22
1214778008 4400 15
131664555 4400 16
2092317812 7000 23
83321197 5000 17
-1614591735 7600 25
1786433166 4500 16
-424896648 5900 23
-1312480152 4900 15
436405027 3900 15
374579229 4300 14
515897483 6700 24
319525347 4500 17
-1503968625 6300 24
725251976 4000 14
369917059 5700 20
151377669 6900 24
-96221976 4200 16
-1584276131 5100 16
1731356121 7800 30
556336668 5600 20
-111672470 3800 16
-41489875 3400 13
621170044 6800 26
-1099474715 5000 21
-1123843608 7000 29
-1018291088 4600 17
-422376221 6600 26
-1404120310 6600 24
103782659 6300 26
-2118309723 6700 25
-1777879711 5700 24
-685700885 5400 23
885469080 5800 23
485435325 6100 24
872229052 3900 16
152702625 6400 24
1698174842 6500 29
630376377 4000 15
1428432639 6200 25
1419301695 5700 22
39911776 6900 29
1096311441 5600 23
1386603919 4300 16
465267802 3400 14
500579361 4100 17
-537911464 3800 15
1905165179 6900 29
-144304693 5500 22
-665406690 6300 24
-60391012 3800 15
1211756312 8700 15
-1185683022 12600 24
1676533758 9200 26
1857030930 5700 17
623972557 4700 14
1076663486 4000 14
-136928352 5100 16
723178354 6200 19
-550613205 7300 22
847940268 4800 15
-419546547 6100 20
-1217971552 6000 21
1373487168 4100 14
445742861 4100 15
-599408851 7100 24
1974933772 4500 15
2136906796 6300 23
-278059445 4600 15
-1366035716 6800 23
781521498 4500 16
1355859188 7100 25
1225556717 18700 26
-508544515 4500 17
1665920580 4000 16
-913148010 4500 16
888029977 4300 16
-1963260626 5500 20
1927289791 5300 19
243235420 4300 15
-1659440550 11500 24
833034940 5100 16
-327433636 4700 16
1438932085 3800 15
613548963 4700 16
1415213497 5200 19
-1673525775 4800 16
-236086591 3700 15
1131083668 7600 26
1767150859 4600 17
-378249096 3900 14
-1929134613 3800 16
-954457349 7500 28
-1918647897 4400 15
423048758 6600 22
-66927172 6200 23
-263923299 6000 23
986788863 3700 15
1969293343 8000 20
420246958 5500 22
2068906293 3600 14
-2080352071 4500 16
1451092088 4000 17
-526756160 7200 27
-2082975556 3900 15
-1023159136 6800 24
-1479076418 6800 26
-856849784 7300 29
1914421226 6300 23
-1364813857 4500 17
-675225658 4500 15
-1740141682 4300 17
-747902212 4300 16
1821798508 6700 21
-755025115 4600 15
995694294 3800 14
-106205512 6800 26
-431960127 6000 25
-631920943 4600 18
252181182 6800 15
-1613987667 7100 30
-3557423 4900 16
-880982008 4000 14
1752692490 5400 20
962152383 5700 22
105907001 4300 17
352739440 6600 24
559831613 4100 15
1711978722 4500 16
-298746698 3800 16
-1655143809 4200 16
643442730 7200 31
-1469449179 4900 15
-1372292649 4100 17
-1437128676 4300 16
244291017 3700 15
-1548444174 4700 15
10743027 8500 32
2003210118 3900 15
-1268847026 6800 26
-100921196 6400 24
583410268 3800 15
-320404876 3800 15
-470010505 3500 13
1543324152 3900 16
1290116308 9000 23
-2063930498 5300 22
724441893 4200 16
1890929079 3400 14
-995703489 3900 16
667835835 6000 25
718279726 4600 16
662991699 4100 15
-1076076134 7000 29
-472059222 3300 14
404532337 3700 16
-1929303872 5600 21
716703531 5600 20
924656213 3800 15
1317168682 3600 15
-592412378 8100 27
-1739392006 7400 27
-490309197 4200 15
1813428870 6800 27
-789415963 4300 17
-1285604481 6700 25
1591366478 6800 25
-941617287 6300 25
-355725351 4000 14
-443051364 6500 15
988608037 8000 30
-1956071729 6000 24
-451287330 6400 21
1249969868 3300 12
2032615123 5900 21
362433153 4300 16
-698745450 4400 16
2088696989 3800 17
89601775 5300 21
-587072951 3700 14
-1042040983 4200 16
895406427 6200 24
1181236918 4100 17
-258761096 7100 29
-514763059 4100 17
-594093043 3000 15
-1023300377 4300 15
-1324702713 3500 16
-1588692537 3700 16
-255850075 6500 28
1687488750 4100 16
-144366101 5400 22
-835495248 6200 26
781224050 4000 15
-317504700 6800 28
-1209612372 3200 14
1695340860 3500 15
-1861142823 3400 14
890408981 3700 16
1104553272 3900 15
-651325512 3400 16
-600913597 6000 24
681887778 6400 27
-1946096652 3800 17
-849053550 3800 17
-1620911271 6000 23
-1028099096 3500 15
-364908269 3400 16
1991895070 5600 24
1094738030 5800 27
1742529794 3700 14
32889131 2800 15
1432084119 4000 15
561129277 4100 16
-1947991605 3100 15
-1609030395 5200 22
594474595 4700 20
-1670290221 3500 16
-127752377 3700 16
201045940 3000 13
-922127718 3500 14
1445296846 3600 15
-289749694 8500 28
-1004852760 8200 15
-1796066872 19200 25
-1241682745 5000 16
-1117218631 8000 23
-23167357 7900 26
-1290434318 4200 15
-1289307892 4300 15
-671176583 4100 15
1674644588 4700 16
-398570793 4600 15
-1450407790 4200 16
-1714264058 3800 16
-299126365 5800 20
-1899921545 4400 15
-612013527 4500 15
1058383037 7300 24
-1486445674 6600 27
-38826024 7400 32
-540734223 6700 23
1563894076 4600 16
-1385729870 4500 16
1141238279 6500 22
-1702187508 6700 29
-332987647 7100 26
-367720644 9500 15
260596060 4300 15
-1956893292 5400 14
1556215377 4100 17
-1352346272 5000 15
-744894718 6800 28
1764294351 7500 24
-9425830 6900 24
-1030662518 9300 27
-1277184329 6200 25
-324048991 3400 15
1060345755 4300 15
-1348754956 3900 13
1089795023 4400 16
-1481522366 4800 20
-1288500605 5900 25
-1237397889 6200 27
-416566659 4800 15
909163568 6800 26
1770396760 4400 15
-1936375865 4200 17
-1197524651 5700 21
-2135248539 3500 16
-606078886 6900 23
790442097 3900 13
1893353228 4100 14
724548300 4000 15
-403342552 4400 16
852168134 7300 23
-1453389694 6900 25
1566376177 6100 25
-1134738847 6300 24
-1850902395 4500 14
-274076926 4500 17
2043239416 4000 16
-1519480179 5700 21
-829423884 5200 22
119066312 8100 24
-298291760 5600 20
-561105090 83300 16
-45685704 6000 20
531914179 3900 14
1611180968 4300 15
1101447538 5200 18
-1122006810 6100 23
913410715 6400 27
266603169 4800 16
-1032075205 3500 15
1452689625 6300 25
2019392500 21900 16
1669481412 16300 16
-597815391 2800 16
-567549371 9900 19
814114804 1700 15
1018618677 4300 23
1623243207 6000 32
-1186874868 1800 16
345515011 3100 20
-1040935255 4300 27
-1165105589 2900 20
-125464240 2000 16
1179348177 2000 15
-787321067 3500 20
-1357159437 3700 24
1391099976 9400 25
-197973348 3400 26
-927528537 4400 23
-1064937339 2000 16
-575255977 5000 27
-1956432462 2300 16
580441081 2600 16
-1874394379 2400 16
-150511782 4200 24
153116469 3100 21
1879170948 2900 22
1513880517 3000 26
-643228095 3600 23
1484898846 3200 23
1308162130 1600 13
-629237848 3600 28
1884368096 1300 14
803709059 2100 17
1851323127 2400 21
-1857531799 2100 17
-994445049 2100 16
-2052304612 3600 25
-1439013439 3600 26
1783322635 2500 15
-1313098033 1900 16
649593091 2900 20
2007187758 4400 33
-1101088208 2200 15
-1077514186 2400 27
-186102341 1300 16
62061470 2200 16
-1988055106 1600 15
-1909130770 5100 25
-758580366 4200 21
-2101787575 383900 25
2050492607 2800 16
991551857 3400 19
-970241142 1900 14
470839666 3900 25
1283969160 4000 24
-1952143272 2000 16
-1476544683 2100 15
-1082909220 8200 23
808882205 3100 22
1783554285 2200 17
362681120 3600 25
1881123197 7600 25
-363015469 2000 17
-1159331842 1900 14
-755212942 1600 16
1585942897 2000 16
-79376073 3300 23
-1333790732 2400 20
1971633813 8400 28
-281291983 2200 16
2111792686 1400 15
1001779491 1800 15
-634684331 2500 16
1806749444 3200 25
1135653469 3700 28
-513690782 3300 24
1834870279 3700 21
596598196 1400 16
291049930 3200 22
953128158 1800 15
-968393523 1400 14
-1039921787 600 14
-351975485 4000 27
1830814251 1800 16
671800343 3000 24
1167112802 3600 26
1331365118 3200 24
-1246694501 1500 14
-2021513620 3500 28
-1855785639 1200 13
-1322963967 1800 16
-1374100525 3500 30
588446313 3000 30
-664473783 1400 13
-1235912764 1800 16
2093095834 2600 20
945697802 1800 16
57006810 1400 14
-467179372 1300 14
-1731303692 1700 16
559152680 1700 16
-1206781524 1400 14
-1232430279 1200 16
-640120977 1400 16
330889282 1600 15
1296156882 2200 20
1522069082 1600 15
-5638212 1500 14
-609127297 3100 21
-173342591 2400 19
-1270932960 1800 15
-1840196480 2200 20
1874072051 3600 26
-478848252 2300 17
788831770 1200 15
1969946220 1900 16
-359319775 4100 27
2027968243 1100 14
-2109068960 1300 16
-1187460725 1300 14
-747556672 1500 16
-1824102237 1300 14
-1369186054 2700 20
-1705325094 2300 24
726857921 1300 13
563957472 4700 28
-1956173694 3700 22
-1824281315 2300 15
1238493585 13600 23
-44400935 2400 14
2019152135 2300 14
1235214832 4500 23
1958797723 4200 26
262003547 2800 17
-1964322252 4600 26
-1149047781 2000 18
1739430672 4400 26
1274293058 1800 16
-711265871 20400 23
-1387631061 1600 15
-963167254 1800 16
-920255701 1900 14
1740504264 1600 15
521998397 1800 14
405758509 1600 14
111089262 4200 23
-433883061 4100 30
-1191953380 3100 22
1063858287 4600 24
893723467 2400 14
2126506677 3000 20
863831694 3200 25
642653851 1800 16
-1806373278 1800 18
1671308431 3700 25
-334636566 1600 15
222860017 2000 17
-1051786904 2800 20
1811032853 2600 20
-4999698 1200 15
-1500477616 1400 15
1415913751 3400 24
1537059097 1600 15
-2043471665 4100 28
1030143671 1300 14
-1804292506 3200 21
739248678 2600 19
788915600 2600 20
-661696759 3000 24
900294394 1800 16
1936368615 2400 20
-1994335337 400 13
-951811312 1300 15
1739012315 3200 24
1114870217 3900 27
1742762876 1500 16
-739813181 1700 15
1523653995 3200 20
-43505953 1700 16
-47827676 2600 23
1883447243 1800 17
1932406675 1800 20
1768561158 2500 23
-1884497138 1600 13
1485700163 1600 17
-1446153922 2000 20
1716572233 2600 23
-299182356 2800 25
749228479 1600 16
-425987062 3200 24
895117702 1300 14
2034240373 5400 25
1723423375 2500 21
464017725 1300 15
1187935057 1500 17
-2136682631 1900 16
1936158533 1300 14
-1962287883 2500 20
-44145128 1300 16
-1193439691 1700 16
-691092877 3400 26
1095786659 1500 16
-1272033146 1600 14
1326946536 2300 21
-1841195848 2600 22
-2100942663 1400 16
1311921452 2800 23
-32965211 2800 25
101262590 2700 23
-1188871774 7500 23
1093918302 1600 17
-101288085 1400 13
1880023292 1400 17
-1797406734 2300 21
647736411 3300 27
1621085042 2700 24
-792094206 1800 17
1078022110 2400 22
2118918576 1000 16
1963206599 3100 21
1396883957 1700 15
371967982 1700 16
1051292125 3500 25
-2081073381 2600 20
2143548567 1300 15
-1577864464 1800 16
-1365010888 2100 21
646569430 1500 16
855462155 3200 24
1289291056 1500 15
-1519375087 1500 14
1340822642 2700 23
24733592 1100 15
112160997 3900 28
-706697450 2300 20
1577030407 1500 15
-784613460 1200 15
510987757 1600 15
321087225 2600 23
1161855521 1700 20
-978109916 1100 15
192891069 1600 13
948221775 3100 25
16753881 1900 14
1559876554 1000 16
-200061806 2600 19
1739504315 3800 27
529510435 1000 12
-722498530 1300 17
-1713480468 3600 25
-415909301 3900 24
-1902132381 1400 17
-1554615207 1900 14
51761724 2500 21
-265259487 700 14
-1934027194 3800 27
1240607406 2300 21
-1353863717 3700 26
-210609067 1400 14
-1031196721 1300 16
-418560558 2400 22
-1802503874 3500 27
938986010 2000 20
1051720368 3800 27
669742271 1100 14
590242920 3600 32
2054339359 2600 24
845826779 2600 24
1305958067 2500 24
2020267935 2400 24
1541966647 1500 16
-2115590057 1500 17
-1545121922 1400 12
11201634 1700 16
-919097797 1600 16
966488919 900 15
1938086909 2000 19
-1934261863 400 12
291930670 1300 14
-808274553 1200 16
1551248097 1300 17
968417038 600 17
2064293794 2300 21
1745958057 2900 23
451018165 2200 20
617290779 1200 16
-735425445 1900 15
-1975281056 2600 21
-1497229794 2800 22
1333640613 2300 22
-1712327631 1500 17
1928709452 1200 15
616084323 1200 15
658030408 2000 20
-123614150 1100 14
696620886 1200 15
209839151 3700 21
195066835 1400 16
1993212968 1200 14
1451480396 9800 22
-310267754 1300 15
-326293258 1200 16
-1296160274 1800 16
-1400181841 9800 23
1383882837 2700 22
-1924015558 2000 23
625648553 1100 16
-235098933 900 12
-225025699 1300 16
1148993328 1900 22
2068931518 2900 26
127228936 1800 20
-477261166 2700 23
-1139437331 1400 14
1168194367 1300 15
-405562752 1600 21
670430927 1500 14
-1979686219 1500 16
-1604489582 2600 22
-1558574895 1400 18
1214256173 1100 12
-1449768459 1100 20
217280596 3000 26
-177688013 1400 15
-1209039995 1600 16
1516474742 1800 19
922150522 3200 26
-1176922932 9300 31
1749840946 1500 13
-1961989168 1500 14
1255562681 2600 25
1189927746 1300 20
-29153253 2900 23
1448761628 1400 16
396185383 700 13
-1972986990 1400 14
-1408193552 1400 14
-1173376020 1200 13
-2128716766 1500 15
-2058801376 1300 15
1888243634 1600 15
1335531903 1500 15
137028720 3000 23
-577472498 1400 19
-1085168775 2600 22
-1682726607 1100 14
19618471 1500 14
2099488720 2800 23
-838402959 2900 26
1754797872 14200 30
-1195509041 3200 23
1485331200 1700 14
-1709652443 3400 29
1686023796 1400 20
1748485957 1400 15
1197153902 1400 15
1627530239 1400 16
-145695248 2400 22
-1019351070 1100 14
1852223867 1500 21
-1346394353 1500 16
1853906181 1200 15
-1033107621 1600 17
-862676570 3000 24
1418796043 700 15
1867739959 1500 21
1868409578 1200 16
-1965630617 2700 28
-1661225578 2000 25
1048186658 1600 17
314081326 1300 15
1454631995 1600 17
558765765 1600 20
845732014 2800 23
-1757565617 1500 15
1003958784 2200 22
1929118174 2100 25
1679209089 2900 25
-71815323 2600 28
-1537629310 2400 23
-599806110 1900 25
-359899467 1800 16
-1425034470 1300 14
-1231331755 1900 21
-909438643 1300 15
410860234 800 16
-870460531 1500 20
-1681898012 1600 15
-1020033381 1200 16
-82098466 3100 32
2086527865 1500 15
275709898 800 14
409387790 1000 13
-574100453 1200 17
1064150166 1300 16
1267917152 2800 26
-1172312274 2000 20
-1436141968 1200 16
735547710 1500 14
-371809642 1300 14
1832928401 1200 15
1764390274 1000 16
-637166508 1200 17
1637280262 1100 15
-1923175844 2400 23
-535922459 1200 14
1321569121 2000 23
392758854 2200 23
-2045372919 1400 15
-791618682 2600 27
-441037057 1400 17
-1606195075 900 16
-1261259670 1800 16
-1210510740 1800 19
596114810 3500 27
152745016 1300 16
1918508780 1000 13
1304507039 1600 16
-1167174733 1200 15
631208062 1600 19
72032544 2700 21
-1277058457 2600 24
1992286279 2800 25
1307960865 2200 24
1603654263 1800 17
-515233351 1700 20
750402801 3000 25
-2029906090 2100 23
766838861 2100 22
207033838 1300 16
-1392117204 700 14
-1753695096 1300 20
-344038360 2800 28
-725064522 1600 16
-1306844900 2300 24
-561167768 2600 32
971932224 1600 17
1982605899 2900 23
1062301614 2500 25
219399496 700 16
1537936450 2600 26
1506584297 1600 19
158708477 1200 17
-394369623 1400 21
625783888 1200 13
-1117405316 1300 15
-630201353 3000 30
-1786588654 1400 15
1730108492 2500 26
-2014524005 1600 20
-65279424 2100 20
934156834 1600 22
-1658393258 2500 24
-1158612299 1300 17
1009854806 2400 28
-117825816 1200 15
-769940590 2100 24
-1798727031 1100 14
439565301 2600 23
1507406962 900 15
1945686574 1300 15
-2127873829 1200 15
-618102340 2400 25
1684129955 1500 15
-119184477 1200 16
1779650148 2900 26
729375503 2100 25
2106401609 2600 24
-1041393094 2700 25
361091337 1500 17
1613066047 1100 13
-484863121 2500 26
-1971727151 500 14
-1399385264 1400 17
1806285032 900 13
-858677778 1100 15
-806986786 1000 15
-1326471409 2400 23
-87681894 1300 15
-637599414 1300 16
542931636 1300 15
-559990939 1900 15
-1878712901 900 13
954835642 1000 13
-615683835 2200 24
1273925102 2500 25
-1530583637 2800 24
1806678152 1400 16
351520935 2300 25
-2026883279 700 21
29258025 2500 22
-456800869 1400 21
2034809754 1600 16
781351517 1000 15
2045077492 2100 20
-213763502 1000 15
-165292470 2600 30
787257397 900 22
-1353868619 1200 16
-1258172782 700 17
-534941168 1100 15
1470924103 1200 15
1687995164 2400 28
1877928226 1200 15
908534782 2700 24
-1834380445 2200 26
1424695880 1100 15
-846747595 2400 26
-1512678437 1300 15
-772555189 2300 23
-2115968661 1400 15
-782016696 1500 17
1219325804 1000 16
-1560375385 1700 22
582375597 3200 27
-298738130 1200 17
-1820355083 1400 17
2030161467 1900 26
-927506351 2100 22
-1850075800 1300 16
788043775 1100 16
-950440869 1100 15
893915158 2100 24
-1325012038 3600 32
76101466 2000 22
1129408925 1300 15
-1268018977 1600 16
-279947014 2300 28
-1855745179 1300 16
1650564048 2600 27
1806951573 1000 14
-1511679446 2400 22
-366801524 2300 24
-509045971 800 17
-359937972 900 14
1710527177 1400 22
-378572271 1600 15
-994832948 4600 23
-1002826588 2700 27
684240741 2000 23
-224171761 1400 21
1738059353 1600 16
403718257 2500 28
-1138303627 900 16
-344296516 2300 22
-1841174009 1700 22
-1892947554 1100 14
-1730040731 1200 13
-2058683922 1300 16
-1140956733 1100 14
-1957853106 2400 22
375778289 800 15
1402285024 1200 16
500964013 1200 17
1975824451 1000 12
1212308405 2500 24
989314101 3000 24
-1012184637 1900 14
1653900419 1700 21
130170885 1200 15
1965536828 1600 16
1706403551 1100 14
-1996930760 2700 27
349958138 2100 24
1016657012 1300 18
-1818002717 2700 22
-2120089641 1400 15
-2077118260 900 13
1901656915 1800 16
719772978 3000 28
1249909125 1500 15
485782119 1500 16
2021014595 1000 19
2073613409 2700 23
-499135563 1300 13
-295878345 1800 21
-999684884 1500 15
356208174 3000 25
-392953067 1100 15
1785430343 2200 22
-275013960 2400 24
1687036592 2300 23
1052340394 1500 15
937641609 1100 15
-294165869 1300 14
-204171568 1300 14
-1288483527 3600 29
-1050124681 2200 26
1962722546 1100 16
-758377993 1200 15
-2029621527 1400 16
810016474 3300 30
1481809431 1500 16
-227804408 2400 22
668833061 1400 16
-129282584 1300 16
404828818 1300 16
-711855984 1600 23
197922503 1500 15
-1408387180 1200 19
962969610 1400 14
171757628 1600 14
-820896142 1700 16
1610368034 1400 15
493589053 1400 15
1378632075 1100 14
-862404290 1400 14
582034425 2800 25
802350148 700 14
216119235 300 13
-1928283237 1800 22
-856628036 1500 17
-699526629 2400 26
1666916136 1000 16
-520417170 1100 13
-1082162278 2400 21
1883364961 3200 31
1722722667 1200 15
-174111104 1400 25
-1031548699 1500 25
-469905317 3000 26
-114135711 1500 22
-2041176040 1600 19
-1501234975 2900 27
-284299714 1200 16
491900404 1400 21
-1462392603 1300 16
460801502 2600 22
1870092205 1500 15
-2132943778 1900 21
-157958622 1600 20
1544187785 1400 17
-1463450496 2700 24
-1631245933 1400 20
-1120766732 3100 21
1270680446 2300 24
-1444533306 800 21
519224062 1600 19
-836500715 1100 16
-765594848 1900 25
1009653517 1100 16
-1411705232 1600 14
-1048965705 1200 16
14529197 1600 20
2025940448 1900 20
-231106219 3200 23
1908572834 1300 16
-1629530740 2500 26
1547568528 1000 15
149917480 1500 16
-282959969 3300 31
2006524905 1100 16
-1993383625 2600 24
-400966872 1600 17
-1758917607 900 13
1015752067 1900 15
1019121145 2800 27
-1501017781 17900 22
-1135793920 4300 17
1452965316 1600 15
646084493 2100 16
-418358669 3100 23
-846464272 1700 17
259912977 1400 16
8900859 3000 22
-1561485345 1200 15
445829778 3000 25
1062814563 1200 15
400608678 3000 27
1994242531 1800 17
-1519642814 1900 25
304738326 1300 15
1552475789 1100 14
-586789413 2000 21
1444927474 2300 25
-1887315200 2100 23
2036936653 2100 23
-1722677411 2800 24
-514718131 3200 28
-1304902971 1800 14
386794090 1800 23
-805308243 3200 26
-1226391522 1400 14
-25207702 1200 16
-43581874 1300 14
971247221 1200 15
-346600717 1400 22
1750323239 1900 16
-956913520 1800 17
378440373 2000 26
-1142381059 1500 16
-603934848 1200 23
1114057210 1200 16
1971043064 1800 21
-1516317126 2800 27
55359638 1500 21
average_time_deletion: 3765.0            average_operations_deletion: 19.33      
