Array element Time in nanoseconds OperationsCount
140019903 10700 14
366920251 5400 14
-1154573592 4800 14
-1356829399 3500 12
1667945549 4400 14
2061712800 4700 13
1198317374 3500 11
948528309 3700 13
636459759 3800 12
1214778008 3100 11
131664555 2900 12
2092317812 4100 13
83321197 4400 15
-1614591735 3700 13
1786433166 3900 13
-424896648 3100 13
-1312480152 3300 13
436405027 4100 14
374579229 4000 14
515897483 3700 13
319525347 3600 13
-1503968625 3200 12
725251976 4500 16
369917059 4100 13
151377669 3300 12
-96221976 2900 12
-1584276131 4300 15
1731356121 3800 14
556336668 2700 12
-111672470 2900 12
-41489875 2900 13
621170044 2000 10
-1099474715 3300 12
-1123843608 2200 9
-1018291088 3700 14
-422376221 3500 14
-1404120310 3100 11
103782659 3200 13
-2118309723 2900 12
-1777879711 2400 10
-685700885 3900 15
885469080 3500 13
485435325 1500 8
872229052 2700 13
152702625 3400 14
1698174842 3600 14
630376377 2900 12
1428432639 3100 12
1419301695 3400 14
39911776 1900 11
1096311441 2600 12
1386603919 2100 12
465267802 2800 11
500579361 2400 13
-537911464 3000 12
1905165179 3400 13
-144304693 3700 14
-665406690 4000 13
-60391012 3300 11
1211756312 2500 12
-1185683022 3800 14
1676533758 3500 13
1857030930 3100 12
623972557 2900 11
1076663486 4000 14
-136928352 2300 11
723178354 3500 14
-550613205 4000 13
847940268 2700 13
-419546547 3500 15
-1217971552 3500 13
1373487168 3300 13
445742861 3200 13
-599408851 3600 13
1974933772 3400 13
2136906796 4300 15
-278059445 3300 14
-1366035716 3200 14
781521498 3800 14
1355859188 2900 14
1225556717 3500 14
-508544515 2800 11
1665920580 2800 12
-913148010 3500 15
888029977 2500 11
-1963260626 2200 12
1927289791 6800 14
243235420 3200 13
-1659440550 2000 9
833034940 3000 12
-327433636 2800 12
1438932085 3600 15
613548963 3400 13
1415213497 3200 13
-1673525775 3700 14
-236086591 3200 13
1131083668 2600 13
1767150859 3600 14
-378249096 2600 11
-1929134613 2900 14
average_time_search: 3407.0              average_operations_search: 12.8         
